136 31
135 32
134 32
133 33
132 34
131 34
130 35
129 36
128 36
127 37
126 38
125 39
124 39
123 40
122 41
121 41
120 42
119 43
118 43
117 44
116 45
115 46
114 46
113 47
112 48
111 48
110 49
109 50
108 50
107 51
106 52
105 53
104 53
103 54
102 55
101 55
100 56
99 57
98 58
97 58
96 59
95 60
94 60
93 61
92 62
91 62
90 63
89 64
88 65
87 65
86 66
85 67
84 67
83 68
82 69
81 69
80 70
79 71
78 72
77 72
76 73
75 74
74 74
73 75
72 76
71 76
70 77
70 78
69 79
70 80
70 81
71 81
72 82
73 83
74 83
75 84
76 85
77 85
78 86
79 87
80 87
81 88
82 89
83 89
84 90
85 91
86 91
87 92
88 93
89 93
90 94
91 95
92 95
93 96
94 96
95 97
96 98
97 98
98 99
99 100
100 100
101 101
102 102
103 102
104 103
105 104
106 104
107 105
108 106
109 106
110 107
111 108
112 108
113 109
114 110
115 110
116 111
117 111
118 112
119 113
120 113
121 114
122 115
123 115
124 116
125 117
126 117
127 118
128 119
129 119
130 120
131 121
132 121
133 122
134 123
135 123
136 124
137 125
138 125
139 126
140 126
141 127
142 128
143 128
144 129
145 130
146 130
147 131
148 132
149 132
150 133
151 134
152 134
153 135
154 136
155 136
156 137
157 138
158 138
159 139
160 139
161 140
162 141
163 141
164 142
165 143
166 143
167 144
168 145
169 145
170 146
171 147
172 147
173 148
174 149
175 149
176 150
177 151
178 151
179 152
180 153
181 153
182 154
183 154
184 155
185 156
186 156
187 157
188 158
189 158
190 159
191 160
192 160
193 161
194 162
195 162
196 163
197 164
198 164
199 165
200 166
201 166
202 167
203 168
204 168
205 169
206 169
207 170
208 171
209 171
210 172
211 173
212 173
213 174
214 175
215 175
216 176
217 177
218 177
219 178
220 179
221 179
222 180
223 181
224 181
225 182
226 183
227 183
228 184
229 184
230 185
231 186
232 186
233 187
234 188
235 188
236 189
237 190
238 190
239 191
240 192
241 192
242 193
243 194
244 194
245 195
246 196
247 196
248 197
249 198
250 198
251 199
252 199
253 200
254 201
255 201
256 202
257 203
258 203
259 204
260 205
261 205
262 206
263 207
264 207
265 208
266 209
267 209
268 210
269 211
270 211
271 212
272 213
273 213
274 214
275 214
276 215
277 216
278 216
279 217
280 218
281 218
282 219
283 220
284 220
285 221
286 222
287 222
288 223
289 224
290 224
291 225
292 226
293 226
294 227
295 228
296 228
297 229
298 229
299 230
300 231
301 231
302 232
303 233
304 233
305 234
306 235
307 235
308 236
309 237
310 237
311 238
312 239
313 239
314 240
315 241
316 241
317 242
318 242
319 243
320 244
321 244
322 245
323 246
324 246
325 247
326 248
327 248
328 249
329 250
330 250
331 251
332 252
333 252
334 253
335 254
336 254
337 255
338 256
339 256
340 257
341 257
342 258
343 259
344 259
345 260
346 261
347 261
348 262
349 263
350 263
351 264
352 265
353 265
354 266
355 267
356 267
357 268
358 269
359 269
360 270
361 271
362 271
363 272
364 272
365 273
366 274
367 274
368 275
369 276
370 276
371 277
372 278
373 278
374 279
375 280
376 280
377 281
378 282
379 282
380 283
381 284
382 284
383 285
384 286
385 286
386 287
387 287
388 287
389 287
390 287
391 286
391 285
392 284
392 283
392 282
392 281
392 280
393 279
393 278
393 277
393 276
394 275
394 274
394 273
394 272
394 271
395 270
395 269
395 268
395 267
396 266
396 265
396 264
396 263
396 262
397 261
397 260
397 259
397 258
398 257
398 256
398 255
398 254
399 253
399 252
399 251
399 250
399 249
400 248
400 247
400 246
400 245
401 244
401 243
401 242
401 241
401 240
402 239
402 238
402 237
402 236
403 235
403 234
403 233
403 232
403 231
404 230
404 229
404 228
404 227
405 226
405 225
405 224
405 223
406 222
406 221
406 220
406 219
406 218
407 217
407 216
407 215
407 214
408 213
408 212
408 211
408 210
408 209
409 208
409 207
409 206
409 205
410 204
410 203
410 202
410 201
410 200
411 199
411 198
411 197
411 196
412 195
412 194
412 193
412 192
413 191
413 190
413 189
413 188
413 187
414 186
414 185
414 184
414 183
415 182
415 181
415 180
415 179
415 178
416 177
416 176
416 175
416 174
417 173
417 172
417 171
417 170
417 169
418 168
418 167
418 166
418 165
419 164
419 163
419 162
419 161
420 160
420 159
420 158
420 157
420 156
421 155
421 154
421 153
421 152
422 151
422 150
422 149
422 148
422 147
423 146
423 145
423 144
423 143
424 142
424 141
424 140
424 139
424 138
425 137
425 136
425 135
425 134
426 133
426 132
426 131
426 130
427 129
427 128
427 127
427 126
427 125
428 124
428 123
428 122
428 121
429 120
429 119
429 118
429 117
429 116
430 115
430 114
430 113
430 112
431 111
431 110
431 109
431 108
431 107
432 106
432 105
432 104
432 103
433 102
433 101
433 100
433 99
434 98
434 97
434 96
434 95
434 94
435 93
435 92
435 91
435 90
436 89
436 88
436 87
436 86
436 85
437 84
437 83
437 82
437 81
438 80
438 79
438 78
438 77
438 76
439 75
439 74
439 73
439 72
440 71
440 70
440 69
440 68
440 67
440 66
439 66
438 65
437 65
436 65
435 65
434 65
433 65
432 64
431 64
430 64
429 64
428 64
427 64
426 64
425 64
424 64
423 63
422 63
421 63
420 63
419 63
418 63
417 63
416 63
415 63
414 62
413 62
412 62
411 62
410 62
409 62
408 62
407 62
406 62
405 61
404 61
403 61
402 61
401 61
400 61
399 61
398 61
397 61
396 60
395 60
394 60
393 60
392 60
391 60
390 60
389 60
388 60
387 59
386 59
385 59
384 59
383 59
382 59
381 59
380 59
379 59
378 58
377 58
376 58
375 58
374 58
373 58
372 58
371 58
370 58
369 57
368 57
367 57
366 57
365 57
364 57
363 57
362 57
361 57
360 56
359 56
358 56
357 56
356 56
355 56
354 56
353 56
352 56
351 55
350 55
349 55
348 55
347 55
346 55
345 55
344 55
343 55
342 54
341 54
340 54
339 54
338 54
337 54
336 54
335 54
334 54
333 53
332 53
331 53
330 53
329 53
328 53
327 53
326 53
325 52
324 52
323 52
322 52
321 52
320 52
319 52
318 52
317 52
316 51
315 51
314 51
313 51
312 51
311 51
310 51
309 51
308 51
307 50
306 50
305 50
304 50
303 50
302 50
301 50
300 50
299 50
298 49
297 49
296 49
295 49
294 49
293 49
292 49
291 49
290 49
289 48
288 48
287 48
286 48
285 48
284 48
283 48
282 48
281 48
280 47
279 47
278 47
277 47
276 47
275 47
274 47
273 47
272 47
271 46
270 46
269 46
268 46
267 46
266 46
265 46
264 46
263 45
262 45
261 45
260 45
259 45
258 45
257 45
256 45
255 45
254 44
253 44
252 44
251 44
250 44
249 44
248 44
247 44
246 44
245 43
244 43
243 43
242 43
241 43
240 43
239 43
238 43
237 43
236 42
235 42
234 42
233 42
232 42
231 42
230 42
229 42
228 42
227 41
226 41
225 41
224 41
223 41
222 41
221 41
220 41
219 41
218 40
217 40
216 40
215 40
214 40
213 40
212 40
211 40
210 39
209 39
208 39
207 39
206 39
205 39
204 39
203 39
202 39
201 38
200 38
199 38
198 38
197 38
196 38
195 38
194 38
193 38
192 37
191 37
190 37
189 37
188 37
187 37
186 37
185 37
184 37
183 36
182 36
181 36
180 36
179 36
178 36
177 36
176 36
175 36
174 35
173 35
172 35
171 35
170 35
169 35
168 35
167 35
166 35
165 34
164 34
163 34
162 34
161 34
160 34
159 34
158 34
157 34
156 33
155 33
154 33
153 33
152 33
151 33
150 33
149 33
148 32
147 32
146 32
145 32
144 32
143 32
142 32
141 32
140 32
139 31
138 31
137 31