989 371
989 370
989 369
989 368
989 367
989 366
989 365
989 364
989 363
989 362
989 361
989 360
989 359
989 358
989 357
989 356
989 355
989 354
989 353
989 352
989 351
989 350
989 349
989 348
989 347
989 346
989 345
989 344
989 343
989 342
989 341
989 340
989 339
989 338
989 337
989 336
989 335
989 334
989 333
989 332
989 331
989 330
989 329
989 328
989 327
989 326
989 325
989 324
989 323
989 322
989 321
989 320
989 319
989 318
989 317
989 316
989 315
989 314
989 313
989 312
989 311
989 310
989 309
989 308
989 307
989 306
989 305
989 304
989 303
989 302
989 301
989 300
989 299
989 298
989 297
989 296
989 295
989 294
989 293
989 292
989 291
989 290
989 289
989 288
989 287
989 286
989 285
989 284
989 283
989 282
989 281
989 280
989 279
989 278
989 277
989 276
989 275
989 274
989 273
989 272
989 271
989 270
989 269
989 268
989 267
989 266
989 265
989 264
989 263
989 262
989 261
989 260
989 259
989 258
989 257
989 256
989 255
989 254
989 253
989 252
989 251
989 250
989 249
989 248
989 247
989 246
989 245
989 244
989 243
989 242
989 241
989 240
989 239
989 238
989 237
989 236
989 235
989 234
989 233
989 232
989 231
989 230
989 229
989 228
989 227
989 226
989 225
989 224
989 223
989 222
989 221
989 220
989 219
989 218
989 217
989 216
989 215
989 214
989 213
989 212
989 211
989 210
989 209
989 208
989 207
989 206
989 205
989 204
989 203
989 202
989 201
989 200
989 199
989 198
989 197
989 196
989 195
989 194
989 193
989 192
989 191
989 190
989 189
989 188
989 187
989 186
989 185
989 184
989 183
989 182
989 181
989 180
989 179
989 178
989 177
989 176
989 175
989 174
989 173
989 172
989 171
989 170
989 169
989 168
989 167
989 166
989 165
989 164
989 163
989 162
989 161
989 160
989 159
989 158
989 157
989 156
989 155
989 154
989 153
989 152
989 151
989 150
989 149
989 148
989 147
989 146
989 145
989 144
989 143
989 142
989 141
989 140
989 139
989 138
989 137
989 136
989 135
989 134
989 133
989 132
989 131
989 130
989 129
989 128
989 127
989 126
989 125
989 124
989 123
989 122
988 121
987 121
986 121
985 121
984 121
983 121
982 121
981 121
980 121
979 121
978 121
977 121
976 121
975 121
974 121
973 121
972 121
971 121
970 121
969 121
968 121
967 121
966 121
965 121
964 121
963 121
962 121
961 121
960 121
959 121
958 121
957 121
956 121
955 121
954 121
953 121
952 121
951 121
950 121
949 121
948 121
947 121
946 121
945 121
944 121
943 121
942 121
941 121
940 121
939 121
938 121
937 121
936 121
935 121
934 121
933 121
932 121
931 121
930 121
929 121
928 121
927 121
926 121
925 121
924 121
923 121
922 121
921 121
920 121
919 121
918 121
917 121
916 121
915 121
914 121
913 121
912 121
911 121
910 121
909 121
908 121
907 121
906 121
905 121
904 121
903 121
902 121
901 121
900 121
899 121
898 121
897 121
896 121
895 121
894 121
893 121
892 121
891 121
890 121
889 121
888 121
887 121
886 121
885 121
884 121
883 121
882 121
881 121
880 121
879 121
878 121
877 121
876 121
875 121
874 121
873 121
872 121
871 121
870 121
869 121
868 121
867 121
866 121
865 121
864 121
863 121
862 121
861 121
860 121
859 121
858 121
857 121
856 121
855 121
854 121
853 121
852 121
851 121
850 121
849 121
848 121
847 121
846 121
845 121
844 121
843 121
842 121
841 121
840 121
839 121
838 121
837 121
836 121
835 121
834 121
833 121
832 121
831 121
830 121
829 121
828 121
827 121
826 121
825 121
824 121
823 121
822 121
821 121
820 121
819 121
818 121
817 121
816 121
815 121
814 121
813 121
812 121
811 121
810 121
809 121
808 121
807 121
806 121
805 121
804 121
803 121
802 121
801 121
800 121
799 121
798 121
797 121
796 121
795 121
794 121
793 121
792 121
791 121
790 121
789 121
788 121
787 121
786 121
785 121
784 121
783 121
782 121
781 121
780 121
779 121
778 121
777 121
776 121
775 121
774 121
773 121
772 121
771 121
770 121
769 121
768 121
767 121
766 121
765 121
764 121
763 121
762 121
761 121
760 121
759 121
758 121
757 121
756 121
755 121
754 121
753 121
752 121
751 121
750 121
749 121
748 121
747 121
746 121
745 121
744 121
743 121
742 121
741 121
740 121
739 121
738 121
737 121
736 121
735 121
734 121
733 121
732 121
731 121
730 121
729 121
728 121
727 121
726 121
725 121
724 121
723 121
722 121
721 121
720 121
719 121
718 121
717 121
716 121
715 121
714 121
713 121
712 121
711 121
710 121
709 121
708 121
707 121
706 121
705 121
704 121
703 121
702 121
701 121
700 121
699 121
698 121
697 121
696 121
695 121
694 121
693 121
692 121
691 121
690 121
689 121
688 121
687 121
686 121
685 121
684 121
683 121
682 121
681 121
680 121
679 121
678 121
677 121
676 121
675 121
674 121
673 121
672 121
671 121
670 121
669 121
668 121
667 121
666 121
665 121
664 121
663 121
662 121
661 121
660 121
659 121
658 121
657 121
656 121
655 121
654 121
653 121
652 121
651 121
650 121
649 121
648 121
647 121
646 121
645 121
644 121
643 121
642 121
641 121
640 121
639 121
638 121
637 121
636 121
635 121
634 121
633 121
632 121
631 121
630 121
629 121
628 121
627 121
626 121
625 121
624 121
623 121
622 121
621 121
620 121
619 121
618 121
617 121
616 121
615 121
614 121
613 121
612 121
611 121
610 121
609 121
608 121
607 121
606 121
605 121
604 121
603 121
602 121
601 121
600 121
599 121
598 121
597 121
596 121
595 121
594 121
593 121
592 121
591 121
590 121
589 121
588 121
587 121
586 121
585 121
584 121
583 121
582 121
581 121
580 121
579 121
578 121
577 121
576 121
575 121
574 121
573 121
572 121
571 121
570 121
569 121
568 121
567 121
566 121
565 121
564 121
563 121
562 121
561 121
560 121
559 121
558 121
557 121
556 121
555 121
554 121
553 121
552 121
551 121
550 121
549 121
548 121
547 121
546 121
545 121
544 121
543 121
542 121
541 121
540 121
539 121
538 121
537 121
536 121
535 121
534 121
533 121
532 121
531 121
530 121
529 121
528 121
527 121
526 121
525 121
524 121
523 121
522 121
521 121
520 121
519 121
518 121
517 121
516 121
515 121
514 121
513 121
512 121
511 121
510 121
509 121
508 121
507 121
506 121
505 121
504 121
503 121
502 121
501 121
500 121
499 121
498 121
497 121
496 121
495 121
494 121
493 121
492 121
491 121
490 121
489 121
488 121
487 121
486 121
485 121
484 121
483 121
482 121
481 121
480 121
479 121
478 121
477 121
476 121
475 121
474 121
473 121
472 121
471 121
470 121
469 121
468 121
467 121
466 121
465 121
464 121
463 121
462 121
461 121
460 121
459 121
458 121
457 121
456 121
455 121
454 121
453 121
452 121
451 121
450 121
449 121
448 121
447 121
446 121
445 121
444 121
443 121
442 121
441 121
440 121
439 121
438 121
437 121
436 121
435 121
434 121
433 121
432 121
431 121
430 121
429 121
428 121
427 121
426 121
425 121
424 121
423 121
422 121
421 121
420 121
419 121
418 121
417 121
416 121
415 121
414 121
413 121
412 121
411 121
410 121
409 121
408 121
407 121
406 121
405 121
404 121
403 121
402 121
401 121
400 121
399 121
398 121
397 121
396 121
395 121
394 121
393 121
392 121
391 121
390 121
389 121
388 121
387 121
386 121
385 121
384 121
383 121
382 121
381 121
380 121
379 121
378 121
377 121
376 121
375 121
374 121
373 121
372 121
371 121
370 121
369 121
368 121
367 121
366 121
365 121
364 121
363 121
362 121
361 121
360 121
359 121
358 121
357 121
356 121
355 121
354 121
353 121
352 121
351 121
350 121
349 121
348 121
347 121
346 121
345 121
344 121
343 121
342 121
341 121
340 121
339 121
338 121
337 121
336 121
335 121
334 121
333 121
332 121
331 121
330 121
329 121
328 121
327 121
326 121
325 121
324 121
323 121
322 121
321 121
320 121
319 121
318 121
317 121
316 121
315 121
314 121
313 121
312 121
311 121
310 121
309 121
308 121
307 121
306 121
305 121
304 121
303 121
302 121
301 121
300 121
299 121
298 121
297 121
296 121
295 121
294 121
293 121
292 121
291 121
290 121
289 121
288 121
287 121
286 121
285 121
284 121
283 121
282 121
281 121
280 121
279 121
278 121
277 121
276 121
275 121
274 121
273 121
272 121
271 121
270 121
269 121
268 121
267 121
266 121
265 121
264 121
263 121
262 121
261 121
260 121
259 121
258 121
257 121
256 121
255 121
254 121
253 121
252 121
251 121
250 121
249 121
248 121
247 121
246 121
245 121
244 121
243 121
242 121
241 121
240 121
239 121
238 121
237 121
236 121
235 121
234 121
233 121
232 121
231 121
230 121
229 121
228 121
227 121
226 121
225 121
224 121
223 121
222 121
221 121
220 121
219 121
218 121